0000010001100110
0100010000000000
1000110000001100
0100010000000001
1000110000010000
0100010000000010
1000110000010100
0100010000000011
1000110000011000
0100010000000100
1000110000011100
1000000000000000
0000010001100100
0000110001100101
0000100001100111
1000000000100000
0000010001100100
0001000001100101
0000100001100111
1000000000100000
0000010001100100
0001010001100101
0000100001100111
1000000000100000
0000010001100100
0001100001100101
0000100001100111
1000000000100000
0000010001100100
0001110001100101
0000100001100111
1000000000100000
1000010000000000
